0.005272255192878328, 1.224389097744357
0.002281157270029671, -0.12561090225564264
0.005552670623145392, -1.210150375939854
0.005552670623145392, -2.2714990601503793
0.0062537091988130455, 2.5911654135338296
0.010226261127596434, -3.75916353383459
0.009758902077151313, -4.94041353383459
0.009408382789317507, -6.046170112781958
0.01045994065281898, -7.089755639097746
0.01045994065281898, -8.066729323308273
0.009758902077151313, -8.910479323308273
0.009758902077151313, -9.8874530075188
0.009758902077151313, -11.286301691729324
0.011160979228486648, -2.338110902255643
0.013030415430267048, -0.22133458646617044
0.018521884272997016, 1.3255404135338313
0.018521884272997016, 2.9131226503759358
0.020975519287833824, -0.561795112781958
0.02237759643916913, -2.249295112781958
0.026583827893175052, -3.285479323308273
0.024480712166172106, -4.425281954887222
0.023779673590504438, -5.579887218045116
0.025181750741839745, -7.4450187969924855
0.024480712166172106, -8.644031954887222
0.024480712166172106, -9.621005639097746
0.024480712166172106, -10.908834586466167
0.026583827893175052, -6.6012687969924855
0.030790059347181, -0.4602913533834627
0.030790059347181, -1.3611372180451156
0.030790059347181, -2.671170112781958
0.035463649851632015, 3.286889097744356
0.03499629080118692, 2.0138627819548827
0.03452893175074183, 0.8000469924811977
0.034645771513353116, 4.889273966165409
0.03990356083086051, -0.16212406015037928
0.043876112759643884, -1.568374060150381
0.045371661721068254, -3.492716165413537
0.04621290801186943, -4.736137218045116
0.0448108308605341, -5.579887218045116
0.044343471810089005, -6.5124530075188005
0.045511869436201766, -7.4450187969924855
0.04457715133531155, -8.592222744360903
0.048549703264094954, -9.769031954887218
0.04831602373887238, -10.997650375939852
0.04831602373887238, -11.97462406015038
0.04808234421364983, -13.09962406015038
0.048549703264094954, -14.742716165413537
0.04901706231454005, -16.104558270676694
0.04901706231454005, -17.436795112781954
0.052171735905044495, -0.04000234962406424
0.05182121661721066, -1.338933270676696
0.05252225519287833, -2.6045582706766943
0.05252225519287833, -3.5815319548872218
0.053784124629080096, -4.8249530075188005
0.05182121661721066, 0.7704417293233039
0.0564948071216617, -5.653900375939852
0.06163575667655784, -6.778900375939852
0.062336795252225505, -8.81056156015038
0.06303783382789314, -10.153900375939852
0.06257047477744805, -11.323308270676694
0.06373887240356081, -12.107847744360903
0.06373887240356081, -13.08482142857143
0.06373887240356081, -14.061795112781958
0.06373887240356081, -15.038768796992482
0.06373887240356081, -16.01574248120301
0.06373887240356081, -16.992716165413533
0.06373887240356081, -17.96968984962406
0.06373887240356081, -18.946663533834588
0.06397255192878336, -20.175281954887218
0.06303783382789314, -20.90061090225564
0.06303783382789314, -21.877584586466163
0.06303783382789314, -22.85455827067669
0.06303783382789314, -23.831531954887218
0.06373887240356081, -24.89732142857143
0.06303783382789314, -26.207354323308273
0.06836572700296735, -5.269031954887222
0.06976780415430266, 0.379652255639094
0.06958086053412459, -0.8874530075188005
0.06958086053412459, -1.8644266917293262
0.0686461424332344, -2.9265155075188005
0.06958086053412459, 1.7770206766917251
0.07145029673590501, -3.8035714285714324
0.07074925816023737, -6.956531954887222
0.07145029673590501, -8.1999530075188
0.07145029673590501, -9.598801691729324
0.0749554896142433, 3.1573660714285667
0.07705860534124627, 1.6585996240601464
0.07705860534124627, 0.6816259398496207
0.07705860534124627, -0.2953477443609067
0.07939540059347176, -1.760808270676696
0.08154525222551924, -4.505216165413538
0.08091431750741838, -5.646499060150379
0.08126483679525219, -6.539097744360905
0.08173219584569731, -7.459821428571431
0.08266691394658753, -8.555216165413537
0.08266691394658753, -9.843045112781958
0.08406899109792283, -2.8710056390977474
0.08640578635014833, 0.5039943609022508
0.08862574183976259, -0.6395089285714324
0.09220103857566765, -1.6542293233082752
0.09575296735905044, -3.078242481203011
0.09528560830860532, -4.125528665413537
0.09528560830860532, -5.135808270676694
0.09528560830860532, -6.157189849624064
0.09528560830860532, -7.134163533834588
0.09556602373887237, -8.30653195488722
0.09914132047477743, -9.4655780075188
0.09388353115727001, -10.420347744360903
0.09388353115727001, -11.39732142857143
0.09388353115727001, -12.81837406015038
0.09668768545994062, 0.9332706766917251
0.09715504451038574, -0.47297932330827486
0.09738872403560829, 1.880639097744357
0.10481973293768544, -6.032847744360904
0.1041654302670623, -7.134163533834588
0.10463278931750737, -8.1999530075188
0.10404859050445102, -4.491893796992484
0.10615170623145397, -9.521087875939852
0.11211053412462905, 1.3921522556390933
0.11140949554896139, 0.3041588345864614
0.11211053412462905, -0.561795112781958
0.11211053412462905, -1.5387687969924855
0.11246105341246289, -2.6933740601503793
0.11211053412462905, 4.625046992481198
0.11164317507418393, 3.390507518796988
0.11561572700296734, 2.369125939849619
0.11561572700296734, -3.7147556390977474
0.11561572700296734, -4.691729323308273
0.11561572700296734, -5.6687030075188005
0.11561572700296734, -6.645676691729324
0.11561572700296734, -7.622650375939852
0.11584940652818985, -8.880874060150376
0.11491468842729967, -9.909656954887222
0.12052299703264092, 0.7704417293233039
0.12052299703264092, -0.20653195488722176
0.12052299703264092, -1.1613016917293262
0.12052299703264092, 3.568139097744356
0.12192507418397623, 2.1026785714285676
0.12332715133531154, -2.515742481203011
0.12613130563798214, -3.8257753759398536
0.12753338278931747, -5.072368421052634
0.12809421364985163, -6.56574248120301
0.12613130563798214, -7.604887218045118
0.1326743323442136, -0.5173872180451173
0.1326743323442136, -1.8644266917293262
0.13804896142433232, -3.181860902255643
0.13734792284866465, -4.070018796992484
0.13781528189910974, -5.121005639097749
0.13594584569732932, -6.290413533834588
0.1368805637982195, -8.732847744360903
0.13664688427299698, -9.8874530075188
0.13664688427299698, -10.864426691729324
0.13664688427299698, -11.841400375939852
0.13664688427299698, -12.81837406015038
0.13664688427299698, -13.773143796992482
0.13594584569732932, -14.32824248120301
0.13594584569732932, -15.59386748120301
0.14379747774480706, -6.956531954887222
0.1443583086053412, -3.7295582706766943
0.1452930267062314, -5.328242481203009
0.14716246290801183, 0.23754699248119948
0.14716246290801183, -0.7394266917293262
0.14716246290801183, -1.7164003759398536
0.14716246290801183, -2.6933740601503793
0.15024703264094946, 2.4135338345864614
0.15557492581602367, 3.1684680451127774
0.15592544510385753, 6.099389097744356
0.15510756676557858, 4.707941729323303
0.15837908011869434, 1.9250469924811995
0.16048219584569728, 0.5928101503759358
0.1607158753709198, -0.23613721804511556
0.16118323442136495, -1.301926691729328
0.16118323442136495, -2.2789003759398536
0.16118323442136495, -3.392798402255643
0.1607158753709198, -4.203242481203011
0.1607158753709198, -5.180216165413537
0.1607158753709198, -6.157189849624064
0.16013167655786342, -7.289591165413537
0.16433790801186937, -8.066729323308273
0.16398738872403557, -9.05480498120301
0.16398738872403557, -9.857847744360903
0.16258531157270023, -10.77561090225564
0.16258531157270023, -11.752584586466167
0.16258531157270023, -12.729558270676694
0.16258531157270023, -13.706531954887218
0.16258531157270023, -14.683505639097746
0.16352002967359042, -15.89732142857143
0.15978115727002962, -16.637453007518797
0.15978115727002962, -17.614426691729324
0.15978115727002962, -18.857847744360903
0.16749258160237385, -5.224624060150379
0.16679154302670618, -6.423637218045116
0.1695956973293768, -2.6045582706766943
0.1695956973293768, -4.020059915413537
0.17310089020771507, 0.31526080827067204
0.17099777448071213, -0.9170582706766961
0.17730712166172102, 3.3460996240601455
0.17730712166172102, 2.369125939849619
0.17730712166172102, 1.3921522556390933
0.17730712166172102, 4.92257988721804
0.184083827893175, 0.5928101503759358
0.18221439169139458, -1.1035714285714313
0.18381676557863497, -3.1311090225563927
0.18305563798219576, -4.54962406015038
0.18501854599406525, -1.982847744360905
0.18782270029673587, -5.224624060150379
0.18571958456973287, -6.468045112781958
0.18571958456973287, -7.378406954887222
0.18501854599406525, -8.288768796992482
0.18501854599406525, -9.643209586466167
0.18922477744807115, 5.788533834586461
0.18922477744807115, 4.589520676691724
0.18875741839762605, 3.4053101503759358
0.19553412462908004, 1.8473331766917251
0.19553412462908004, 0.9036654135338313
0.19553412462908004, -0.0733082706766961
0.19553412462908004, -0.983670112781958
0.1959547477744807, -2.2759398496240646
0.19518360534124624, -3.215166823308275
0.1934310089020771, -4.440084586466167
0.19436572700296728, -5.890742481203009
0.1934310089020771, -6.690084586466167
0.1934310089020771, -7.667058270676694
0.1934310089020771, -8.644031954887222
0.1934310089020771, -9.621005639097746
0.1934310089020771, -10.597979323308273
0.20324554896142427, 2.3069548872180405
0.2055823442136498, 1.0590930451127782
0.20633011869436196, -0.4907424812030108
0.20394658753709194, -1.3611372180451156
0.20534866468842722, -2.648966165413537
0.2135274480712166, -3.8775845864661687
0.21235905044510378, -5.269031954887222
0.21235905044510378, -6.246005639097746
0.21235905044510378, -7.222979323308273
0.21235905044510378, -8.1999530075188
0.21235905044510378, -9.176926691729324
0.2116580118694361, -10.142798402255643
0.21259272997032636, -13.114426691729324
0.21235905044510378, -14.283834586466167
0.21235905044510378, -15.260808270676694
0.21235905044510378, -16.237781954887218
0.21235905044510378, -17.214755639097746
0.21212537091988126, -18.236137218045112
0.2172663204747774, -0.36278195488722176
0.2172663204747774, -1.494360902255643
0.2177336795252225, -2.708176691729326
0.22399629080118688, -4.665084586466168
0.22334198813056377, -5.9499530075188005
0.22334198813056377, -6.808505639097749
0.220070474777448, -7.489426691729324
0.220070474777448, -8.466400375939852
0.22077151335311568, -9.487781954887222
0.22077151335311568, -10.464755639097746
0.22077151335311568, -11.730380639097746
0.22497774480712157, -3.070841165413537
0.23339020771513347, -8.555216165413537
0.23198813056379813, -9.776433270676694
0.23198813056379813, -10.753406954887222
0.23198813056379813, -11.730380639097746
0.23198813056379813, -12.707354323308273
0.23198813056379813, -13.684328007518797
0.23128709198813052, -14.807847744360902
0.23315652818991095, -15.660479323308273
0.23315652818991095, -16.637453007518797
0.232338649851632, -17.814262218045112
0.233623887240356, -5.209821428571434
0.23303968842729966, -6.712288533834588
0.23128709198813052, -7.311795112781958
0.2347922848664688, -18.591400375939852
0.2347922848664688, -19.568374060150376
0.2347922848664688, -20.545347744360903
0.23502596439169132, -21.714755639097746
0.23409124629080114, -22.499295112781958
0.23409124629080114, -23.47626879699248
0.23409124629080114, -24.453242481203006
0.23409124629080114, -25.430216165413533
0.23409124629080114, -26.40718984962406
0.23409124629080114, -27.67281484962406
0.24063427299703255, -1.9236372180451173
0.24040059347181003, -3.093045112781958
0.24040059347181003, -4.025610902255643
0.2411016320474777, -1.1835056390977474
0.24951409495548954, -2.3085056390977474
0.2453078635014836, -3.75916353383459
0.24951409495548954, 1.0812969924811995
0.24979451038575662, -0.11771616541353858
0.25259866468842723, -1.0236372180451152
0.2569918397626112, -2.2789003759398536
0.2565244807121661, -3.492716165413537
0.2561739614243323, -4.558505639097747
0.2603801928783382, -5.269031954887222
0.2593286350148367, -6.482847744360903
0.2593286350148367, -7.371005639097746
0.2565244807121661, -8.1999530075188
0.25722551928783377, -9.576597744360903
0.2565244807121661, -10.153900375939852
0.2565244807121661, -11.13087406015038
0.2565244807121661, -12.107847744360903
0.2565244807121661, -13.08482142857143
0.2565244807121661, -14.061795112781958
0.2565244807121661, -15.038768796992482
0.2565244807121661, -15.971334586466167
0.2603801928783382, -0.006696428571432378
0.25792655786350144, -0.8282424812030111
0.26073071216617205, 2.902020676691725
0.26026335311572696, 1.599389097744357
0.26540430267062304, -2.3973214285714306
0.26493694362017794, -3.6259398496240642
0.26493694362017794, -5.357847744360907
0.26493694362017794, -6.334821428571431
0.26493694362017794, -7.311795112781958
0.26493694362017794, -8.288768796992482
0.26493694362017794, -9.53218984962406
0.2691431750741839, -0.8282424812030111
0.2742841246290801, 0.35596804511277824
0.27587314540059343, 3.1507048872180405
0.2747514836795252, 1.72521146616541
0.2768545994065281, 4.589520676691724
0.27802299703264083, -1.0354793233082749
0.2775556379821958, -2.338110902255643
0.27720511869436193, -3.359492481203011
0.2814113501483679, -4.4696898496240625
0.28106083086053407, -5.535479323308273
0.28106083086053407, -6.490249060150379
0.2775556379821958, -7.311795112781958
0.2775556379821958, -8.288768796992482
0.2775556379821958, -9.26574248120301
0.2775556379821958, -10.242716165413537
0.2775556379821958, -11.175281954887222
0.2828134272997032, 0.615014097744357
0.2817618694362017, 5.832941729323303
0.283163946587537, 4.145441729323304
0.283163946587537, 3.1684680451127774
0.2866691394658753, 1.7807213345864614
0.28877225519287825, -1.874295112781958
0.2869028189910979, -2.930216165413537
0.2880712166172106, -3.9812030075188005
0.28877225519287825, -5.195018796992482
0.28596810089020763, -5.801926691729328
0.2896135014836795, 0.08656015037593612
0.29438056379821953, 3.967810150375935
0.2953152818991097, 2.4875469924811977
0.2953152818991097, 1.510573308270672
0.2934458456973293, 5.8773496240601455
0.29438056379821953, 5.211231203007514
0.2978857566765578, 0.6419760338345828
0.2981194362017804, -0.650610902255643
0.2992878338278931, -1.6719924812030111
0.30326038575667646, 1.9546522556390933
0.3045456231454005, -2.8932095864661687
0.3048961424332343, -3.9589990601503793
0.3048961424332343, -4.935972744360905
0.3048961424332343, -5.912946428571431
0.3048961424332343, -6.889920112781958
0.30664873887240346, -8.111137218045116
0.3052466617210682, -9.376762218045116
0.3069992581602373, 0.7704417293233039
0.3069992581602373, -0.320723684210531
0.310270771513353, -1.0206766917293262
0.307700296735905, -10.242716165413537
0.3069992581602373, -11.13087406015038
0.3116728486646883, 2.916823308270672
0.31120548961424327, 3.878994360902251
0.3140096439169139, 1.4809680451127782
0.3140096439169139, 0.5039943609022508
0.31915059347181, -1.8052161654135368
0.3182158753709198, -3.0486372180451156
0.31751483679525216, -4.18103853383459
0.3172811572700296, -5.209821428571434
0.31751483679525216, -6.001762218045116
0.32602744807121653, 0.6816259398496207
0.3266283382789317, -0.9170582706766961
0.3266283382789317, -1.8940319548872218
0.3261609792284866, -3.004229323308275
0.3269788575667655, -4.975446428571432
0.3275630563798219, -6.571663533834588
0.32732937685459934, -7.755874060150379
0.32732937685459934, -8.577420112781958
0.3266283382789317, -9.354558270676694
0.3317692878338278, 2.6059680451127782
0.3308345697329376, 3.568139097744356
0.3357418397626112, 1.2700305451127782
0.3434532640949554, 0.030310150375935763
0.34158382789317504, -1.0206766917293262
0.34429451038575665, -2.8887687969924833
0.3439206231454005, -4.292058270676694
0.3439206231454005, -5.269031954887222
0.3434532640949554, -6.190495770676694
0.3434532640949554, -7.134163533834588
0.3434532640949554, -8.007518796992485
0.34111646884272984, -9.088110902255643
0.3467247774480711, -9.81343984962406
0.3420511869436201, -11.13087406015038
0.3420511869436201, -12.06343984962406
0.3434532640949554, -1.6275845864661687
0.34906157270029664, -6.423637218045116
0.34906157270029664, -7.400610902255643
0.34906157270029664, -8.377584586466167
0.3529873887240355, -3.172979323308274
0.350463649851632, -4.580709586466169
0.3591097922848664, -1.08728853383459
0.3595771513353115, 0.5928101503759358
0.36168026706231443, 1.599389097744357
0.36401706231454, -3.936795112781958
0.36378338278931743, -5.091400375939852
0.36378338278931743, -6.068374060150379
0.36378338278931743, -7.045347744360903
0.36378338278931743, -8.02232142857143
0.36378338278931743, -8.999295112781958
0.36378338278931743, -9.976268796992482
0.36378338278931743, -10.95324248120301
0.36378338278931743, -11.908012218045116
0.36308234421364977, -12.46311090225564
0.36308234421364977, -13.440084586466167
0.36308234421364977, -14.77232142857143
0.36897106824925807, 0.35794172932330603
0.3672885756676557, -0.9910714285714324
0.37009272997032633, 1.791823308270672
0.3745793768545993, 4.003336466165409
0.38102893175074176, 2.457941729323304
0.3834124629080118, 1.369948308270672
0.38411350148367945, 3.967810150375935
0.3831787833827892, 5.226033834586461
0.3897218100890206, 0.05843515037593683
0.39205860534124626, -1.1539003759398518
0.39112388724035596, -2.9598214285714324
0.39112388724035596, -3.936795112781958
0.39112388724035596, -4.913768796992484
0.39112388724035596, -5.890742481203009
0.39077336795252215, -7.134163533834588
0.39205860534124626, -8.52561090225564
0.3918249258160237, -9.754229323308273
0.3918249258160237, -10.7312030075188
0.3918249258160237, -11.708176691729324
0.3918249258160237, -12.48531484962406
0.39112388724035596, -13.440084586466167
0.39112388724035596, -14.417058270676694
0.39112388724035596, -15.394031954887218
0.3981342729970325, 1.0990601503759354
0.40304154302670614, -0.3841635338345899
0.40794881305637976, 0.6816259398496207
0.40991172106824914, -1.8762687969924858
0.4100519287833827, -3.3150845864661687
0.4093508902077151, -4.380874060150379
0.4093508902077151, -5.343045112781958
0.40701409495548946, -6.394031954887218
0.40794881305637976, -7.489426691729324
0.40794881305637976, -8.466400375939852
0.40794881305637976, -9.70982142857143
0.4132066023738872, -0.5395911654135368
0.41671179525222546, 0.7260338345864614
0.4186980712166172, -2.515742481203011
0.4177633531157269, -3.7147556390977474
0.4168286350148367, -4.795347744360905
0.42126854599406516, 1.3477443609022508
0.423722181008902, -0.2842457706766961
0.4224369436201779, -6.127584586466167
0.4219695845697329, -7.489426691729324
0.42161906528189896, -8.42199248120301
0.4219695845697329, -9.798637218045116
0.4219695845697329, -10.77561090225564
0.4219695845697329, -11.752584586466167
0.4219695845697329, -13.08482142857143
0.42804525222551915, -1.75340695488722
0.4266431750741838, -2.8858082706766943
0.4261758160237388, -3.8923872180451156
0.4233716617210681, -4.736137218045116
0.42897997032640944, 1.1553101503759358
0.42897997032640944, -0.25093984962406424
0.43388724035608295, 4.422991071428567
0.4349387982195845, 2.8687147556390933
0.4401965875370919, 1.192316729323304
0.4433512611275964, -0.7838345864661687
0.44804821958456964, -1.592058270676695
0.4476743323442135, -3.551926691729326
0.4532826409495547, -4.351268796992484
0.4528152818991097, 0.23754699248119948
0.4528152818991097, 2.351362781954883
0.4593583086053412, -0.8874530075188005
0.4584235905044509, -2.1160714285714324
0.4584235905044509, -2.9820253759398536
0.45889094955489595, -5.269031954887222
0.4584235905044509, -6.5124530075188005
0.4584235905044509, -7.489426691729324
0.4584235905044509, -8.466400375939852
0.4584235905044509, -9.44337406015038
0.4584235905044509, -10.583176691729328
0.4577225519287833, -11.61936090225564
0.4577225519287833, -12.596334586466167
0.4577225519287833, -13.573308270676694
0.45748887240356073, -14.683505639097746
0.4584235905044509, -15.571663533834588
0.46368137982195834, 1.6474976503759358
0.4644992581602373, 0.13392857142856762
0.4699206231454005, -2.062781954887223
0.4703412462908011, -3.5038181390977474
0.4696402077151334, -4.617716165413537
0.4701075667655785, -5.417058270676694
0.4701075667655785, -6.290413533834588
0.4696402077151334, -7.311795112781958
0.4675370919881304, -8.244360902255643
0.4675370919881304, -9.221334586466167
0.4675370919881304, -10.198308270676694
0.4675370919881304, -11.175281954887222
0.46730341246290785, -12.329887218045116
0.46823813056379815, -13.262453007518797
0.46823813056379815, -14.239426691729324
0.46823813056379815, -15.482847744360903
0.474547477744807, -1.0058740601503793
0.4752485163204747, -4.203242481203011
0.4752485163204747, -5.180216165413537
0.4752485163204747, -6.157189849624064
0.4752485163204747, -7.533834586466167
0.48001557863501465, -2.329229323308274
0.4794547477744806, -0.8726503759398536
0.48506305637982183, -2.6045582706766943
0.48646513353115717, -3.670347744360905
0.4888019287833827, -5.061795112781958
0.4911387240356082, -6.120183270676694
0.4885682492581601, -7.667058270676694
0.4885682492581601, -8.6218280075188
0.4986164688427299, 0.2502349624060116
0.49838278931750735, -0.9170582706766961
0.49838278931750735, -1.8940319548872218
0.4972143916913946, -3.107847744360905
0.49838278931750735, 3.5237312030075145
0.4976817507418396, 2.2951127819548827
0.49838278931750735, 4.900375939849619
0.5044117210682492, 1.4632048872180405
0.503757418397626, -3.936795112781958
0.5072158753709198, -1.0743890977443655
0.5065615727002966, -2.2196898496240625
0.5081973293768545, 0.2930568609022526
0.5131045994065281, 2.902020676691725
0.5131045994065281, 1.5697838345864614
0.5149740356083085, 0.2079417293233039
0.5141561572700295, -0.8948543233082749
0.5145066765578634, -1.8052161654135368
0.5145066765578634, -2.7821898496240642
0.5145066765578634, -4.136630639097747
0.5203152818991097, 5.496710526315785
0.5226387240356082, 4.05366541353383
0.5229191394658752, 2.902020676691725
0.5257232937685459, 5.477678571428567
0.5271253709198812, 1.4809680451127782
0.532967359050445, 0.23717692669172585
0.5335749258160236, -1.5387687969924855
0.5313316023738871, -3.5815319548872218
0.5320326409495548, -4.736137218045116
0.5320326409495548, -5.713110902255643
0.5320326409495548, -6.690084586466167
0.5320326409495548, -7.667058270676694
0.5320326409495548, -8.644031954887222
0.5322663204747774, -9.857847744360903
0.5313316023738871, -10.7312030075188
0.5369399109792283, -1.9680451127819598
0.5393935459940652, 0.22644501879698886
0.5432492581602373, 1.036889097744357
0.54441765578635, -1.301926691729328
0.5439502967359049, -2.4713345864661687
0.5439502967359049, -3.4483082706766943
0.5432492581602373, -4.070018796992484
0.5439502967359049, -5.032189849624064
0.5432492581602373, -6.023966165413537
0.5432492581602373, -7.000939849624064
0.5432492581602373, -7.977913533834588
0.5432492581602373, -8.954887218045116
0.5432492581602373, -9.931860902255643
0.5432492581602373, -10.908834586466167
0.5432492581602373, -11.863604323308273
0.5439502967359049, -12.90718984962406
0.5439502967359049, -13.884163533834588
0.5439502967359049, -14.861137218045116
0.5439502967359049, -15.83811090225564
0.5439502967359049, -16.815084586466167
0.5439502967359049, -17.79205827067669
0.5439502967359049, -18.769031954887218
0.5439502967359049, -19.746005639097746
0.5439502967359049, -20.72297932330827
0.5439502967359049, -22.1218280075188
0.5495586053412461, 0.2227443609022508
0.5472218100890206, 2.902020676691725
0.5527132789317506, 1.880639097744357
0.5565689910979227, -1.1613016917293262
0.5593731454005934, 0.32636278195488266
0.5584384272997032, 5.285244360902251
0.5586721068249257, 3.9234022556390933
0.5603078635014835, 3.020441729323303
0.5586721068249257, 6.61007988721804
0.5647010385756676, 1.614191729323304
0.562457715133531, -2.3025845864661676
0.5614762611275963, -3.670347744360905
0.5612425816023737, -4.736137218045116
0.562177299703264, -5.979558270676694
0.562177299703264, -6.956531954887222
0.562177299703264, -8.222156954887222
0.5677856083086052, 0.32636278195488266
0.5682529673590503, -0.9910714285714324
0.5656824925816022, 4.593961466165409
0.5663835311572699, 3.3460996240601455
0.5733939169139465, -2.5379464285714324
0.5726928783382788, -3.9812030075188005
0.5726928783382788, -4.958176691729326
0.5726928783382788, -5.935150375939852
0.5726928783382788, -6.912124060150379
0.5726928783382788, -7.889097744360903
0.5726928783382788, -8.86607142857143
0.5726928783382788, -9.843045112781958
0.5726928783382788, -10.820018796992482
0.5726928783382788, -11.79699248120301
0.5726928783382788, -12.773966165413537
0.5724591988130562, -13.963110902255643
0.5733939169139465, -14.683505639097746
0.5747959940652818, 1.30333646616541
0.5747959940652818, 0.32636278195488266
0.5747959940652818, -0.650610902255643
0.5747959940652818, -1.6275845864661687
0.5797032640949553, 2.6577772556390933
0.5800537833827892, 4.656132518796988
0.5818063798219584, 3.6125469924811986
0.5878820474777446, 0.7408364661654101
0.5867136498516319, -0.47297932330827486
0.5860126112759643, -1.4721569548872218
0.5867136498516319, -2.582354323308275
0.590569362017804, -3.8257753759398536
0.5902188427299702, -5.126926691729327
0.5920882789317505, -6.068374060150379
0.5916209198813055, 0.703829887218042
0.5958271513353114, -0.561795112781958
0.5965281899109791, -1.7766682330827113
0.5965281899109791, -2.6045582706766943
0.5970289317507417, -7.2610432330827095
0.5965281899109791, -8.59962406015038
0.5958271513353114, -9.567716165413536
0.6018360534124627, -4.77420112781955
0.6019028189910978, -5.979558270676694
0.6014354599406527, -3.492716165413537
0.6042396142433233, -0.20653195488722176
0.602837537091988, -1.5387687969924855
0.6075111275964391, -2.6933740601503793
0.6052911721068248, -7.300693139097746
0.6035385756676557, -8.533012218045116
0.6037722551928781, -10.183505639097746
0.6042396142433233, -11.352913533834588
0.6075111275964391, 3.1684680451127774
0.607043768545994, 2.191494360902251
0.6077448071216616, 0.948073308270672
0.6075111275964391, 4.530310150375935
0.6145215133531157, -0.5914003759398536
0.6098479228486645, -1.3611372180451156
0.613177856083086, -4.253201362781958
0.6105489614243322, -5.402255639097746
0.6105489614243322, -6.379229323308273
0.6112499999999998, -7.489426691729324
0.6112499999999998, -8.466400375939852
0.6112499999999998, -9.732025375939852
0.616297477744807, -2.8532424812030115
0.6177930267062313, 0.656954887218042
0.6196624629080117, -0.43745300751879945
0.6196624629080117, -1.3611372180451156
0.6238686943620176, -4.416400375939853
0.6235882789317505, -5.659821428571433
0.6235181750741838, -6.634574718045116
0.6221160979228485, -7.667058270676694
0.6210645400593471, -8.540413533834588
0.6217655786350147, -9.598801691729324
0.6210645400593471, -10.686795112781958
0.6210645400593471, -11.663768796992482
0.6210645400593471, -13.018209586466167
0.630411721068249, -2.81179511278196
0.6305986646884271, -1.0680451127819577
0.631229599406528, -4.935972744360905
0.6315801186943619, -6.201597744360907
0.6315801186943619, -7.178571428571431
0.6313464391691394, -8.347979323308273
0.6322811572700295, -9.176926691729324
0.6380897626112758, 1.5697838345864614
0.643497774480712, 0.521264097744357
0.6406936201780414, -0.7838345864661687
0.6403431008902076, -1.971745770676696
0.6453672106824925, -3.01903195488722
0.6430304154302668, -4.514097744360905
0.6445493323442135, 3.7346687030075145
0.6463019287833827, 2.2803101503759358
0.647704005934718, 0.015507518796988862
0.647704005934718, -1.4499530075188005
0.6519102373887239, -5.713110902255643
0.6500408011869434, -6.630874060150379
0.6498071216617209, -7.489426691729324
0.6505081602373886, -8.433094454887222
0.6519102373887239, -9.780874060150378
0.6512091988130563, -10.79781484962406
0.6491060830860532, -11.774788533834588
0.6577522255192876, -2.4861372180451156
0.6575185459940651, -3.847979323308273
0.6575185459940651, -4.8249530075188005
0.6582195845697328, -1.3611372180451156
0.6585701038575666, -6.046170112781958
0.6596216617210681, -7.000939849624064
0.6596216617210681, -7.977913533834588
0.6589206231454005, -8.732847744360903
0.6589206231454005, -9.70982142857143
0.6589206231454005, -10.642387218045116
0.6631268545994063, 1.599389097744357
0.6641784124629079, 0.28195488721804196
0.6675667655786348, -0.9244595864661704
0.6678004451038575, -2.1160714285714324
0.6715393175074182, -4.292058270676694
0.6738761127596438, -5.801926691729328
0.6738761127596438, -6.764097744360907
0.6729413946587536, -7.622650375939852
0.673992952522255, -8.544114191729324
0.6738761127596438, -9.502584586466167
0.6738761127596438, -10.479558270676694
0.6738761127596438, -11.456531954887218
0.6738761127596438, -12.43350563909775
0.6743434718100889, -13.511137218045114
0.677381305637982, -14.71311090225564
0.6762129080118694, -16.163768796992485
0.6757455489614241, -16.992716165413533
0.6757455489614241, -17.94748590225564
0.6729413946587536, -18.502584586466167
0.6729413946587536, -19.47955827067669
0.6729413946587536, -20.456531954887218
0.6729413946587536, -21.76656484962406
0.6799517804154301, -9.976268796992482
0.6799517804154301, -10.95324248120301
0.6799517804154301, -11.930216165413537
0.6799517804154301, -12.90718984962406
0.6820548961424331, -8.732847744360903
0.6880137240356081, -4.880462875939852
0.684158011869436, -6.157189849624064
0.684158011869436, -7.089755639097746
0.6890652818991096, -2.648966165413537
0.6855600890207714, -3.670347744360905
0.6876632047477743, -1.22791353383459
0.6953746290801185, -6.068374060150379
0.6939725519287833, -7.622650375939852
0.6958419881305637, -9.739426691729328
0.6953746290801185, -10.908834586466167
0.6953746290801185, -11.885808270676694
0.6953746290801185, -12.714755639097746
0.6946735905044509, -13.440084586466167
0.6944399109792284, -14.579887218045112
0.6953746290801185, -15.394031954887218
0.6953746290801185, -16.371005639097746
0.6953746290801185, -17.347979323308273
0.6953746290801185, -18.680216165413533
0.7016839762611274, -3.4483082706766943
0.7002818991097921, -4.8249530075188005
0.6967767062314538, -8.377584586466167
0.702735534124629, 1.791823308270672
0.7019176557863499, 0.6224154135338296
0.7019176557863499, -0.3545582706766961
0.7015437685459939, -1.3522556390977485
0.701263353115727, 3.1595864661654094
0.7030860534124628, -2.249295112781958
0.7037870919881304, -6.556860902255643
0.7072922848664687, 4.7893562030075145
0.7114985163204747, 2.9464285714285667
0.710797477744807, 2.369125939849619
0.7114985163204747, 1.036889097744357
0.7146031157270027, -0.3460996240601535
0.7223646142433233, 2.18039238721804
0.7178078635014835, 1.30333646616541
0.7206120178041542, 4.047744360902252
0.7266876854599406, 3.035244360902251
0.731127596439169, 1.5253759398496207
0.7322959940652818, 0.6520206766917251
0.7318286350148366, -0.28218984962406424
0.7318286350148366, -1.2427161654135368
0.7318286350148366, -2.2048872180451156
0.733230712166172, -3.563768796992486
0.7339317507418396, -4.847156954887222
0.7339317507418396, -5.824130639097746
0.7339317507418396, -6.712288533834588
0.7346327893175073, -7.637453007518797
0.7346327893175073, -8.614426691729324
0.7346327893175073, -9.591400375939852
0.7335812314540058, -10.642387218045116
0.7369695845697327, -11.959821428571427
0.7367359050445103, -13.129229323308273
0.7367359050445103, -14.106203007518797
0.7367359050445103, -15.083176691729324
0.7367359050445103, -16.060150375939852
0.7365022255192877, -17.096334586466167
0.7422040059347179, -0.561795112781958
0.74129265578635, -1.916235902255643
0.7437462908011868, -3.0264332706766943
0.7430452522255191, -4.425281954887222
0.7430452522255191, -5.402255639097746
0.7439799703264093, -7.134163533834588
0.7437462908011868, -8.288768796992482
0.7435126112759642, -9.36936090225564
0.7479525222551927, 1.3921522556390933
0.7486535608308603, 0.18256578947367963
0.7528597922848663, -1.8052161654135368
0.7525092729970325, -2.8043937969924855
0.7549629080118693, -4.114426691729326
0.7549629080118693, -5.091400375939852
0.7549629080118693, -6.068374060150379
0.7551965875370917, -7.25258458646617
0.7542618694362017, -8.310972744360903
0.7581175816023737, 4.4800869360902205
0.7598701780415429, 2.7835996240601464
0.760804896142433, 1.4809680451127782
0.7598701780415429, 0.37077067669172514
0.7591691394658752, 5.655310150375935
0.7638761127596438, -0.7774906015037626
0.7671609792284866, -2.231531954887222
0.7654784866468841, -3.6259398496240642
0.76968471810089, 1.6215930451127782
0.7703857566765577, -4.839755639097747
0.7673479228486646, -6.083176691729324
0.771787833827893, -7.134163533834588
0.7706194362017802, -8.30357142857143
0.771787833827893, 0.015507518796988862
0.771787833827893, -0.9614661654135368
0.773890949554896, -2.249295112781958
0.773890949554896, -3.2262687969924837
0.7792989614243322, -5.015272556390981
0.7792989614243322, -8.992951127819548
0.775994065281899, -10.198308270676694
0.775994065281899, -11.175281954887222
0.775994065281899, -12.152255639097746
0.775994065281899, -13.129229323308273
0.775994065281899, -14.106203007518797
0.775994065281899, -15.083176691729324
0.775994065281899, -16.060150375939852
0.775994065281899, -17.037124060150376
0.775994065281899, -18.014097744360903
0.775994065281899, -18.99107142857143
0.775994065281899, -19.968045112781954
0.775994065281899, -20.945018796992482
0.775994065281899, -21.921992481203006
0.775994065281899, -22.898966165413533
0.775994065281899, -23.87593984962406
0.775994065281899, -24.852913533834588
0.775994065281899, -25.829887218045116
0.7762277448071214, -26.999295112781958
0.7752930267062312, -27.73942669172932
0.7752930267062312, -28.71640037593985
0.7752930267062312, -29.693374060150376
0.7752930267062312, -30.670347744360903
0.7752930267062312, -31.647321428571423
0.7752930267062312, -32.62429511278195
0.7752930267062312, -33.60126879699248
0.775994065281899, -34.755874060150376
0.7752930267062312, -35.843867481203006
0.7805508160237387, -7.333999060150379
0.7841728486646883, -6.112781954887222
0.7865096439169138, -3.8701832706766943
0.7860422848664687, -0.366400375939854
0.7858086053412461, -1.7164003759398536
0.7879117210682491, -2.6045582706766943
0.7872106824925814, -5.135808270676694
0.7925853115727002, -6.6012687969924855
0.7879117210682491, -7.489426691729324
0.7879117210682491, -8.466400375939852
0.7879117210682491, -9.398966165413537
0.792117952522255, 0.7112312030075145
0.7911832344213648, 2.2062969924811995
0.7935200296735904, -0.650610902255643
0.7984272997032639, -2.826597744360905
0.7984272997032639, -3.8035714285714324
0.7984272997032639, -4.691729323308273
0.7977262611275963, -5.548167293233085
0.7991283382789316, -8.961231203007518
0.7977262611275963, -9.8874530075188
0.7977262611275963, -10.864426691729324
0.7977262611275963, -11.841400375939852
0.7977262611275963, -12.81837406015038
0.7977262611275963, -13.69172932330827
0.7973757418397625, -14.761219454887218
0.7977262611275963, -15.482847744360903
0.7977262611275963, -16.748472744360903
0.805577893175074, -6.7966635338345895
0.8047366468842728, -8.066729323308273
0.805671364985163, -1.6275845864661687
0.8061387240356082, -3.3150845864661687
0.8089428783382787, -4.588110902255643
0.8068397626112758, -5.357847744360907
0.8061387240356082, -8.821663533834588
0.8117470326409494, 1.9250469924811995
0.8110459940652818, 0.7704417293233039
0.8110459940652818, -0.20653195488722176
0.8134295252225519, -2.320347744360907
0.8110459940652818, 3.84568843984962
0.8154859050445101, -4.647321428571432
0.8152522255192877, -5.890742481203009
0.8152522255192877, -6.867716165413537
0.8152522255192877, -7.667058270676694
0.81455118694362, -8.644031954887222
0.81455118694362, -9.621005639097746
0.81455118694362, -10.597979323308273
0.81455118694362, -11.530545112781958
0.818757418397626, -0.19765037593985468
0.8233141691394656, 2.091576597744357
0.8229636498516318, 3.21287593984962
0.8257678041543025, 0.4151785714285676
0.8306750741839761, -0.8726503759398536
0.8290393175074183, -2.145676691729328
0.8299740356083084, -4.158834586466169
0.8295066765578633, -5.402255639097746
0.8304413946587536, -6.571663533834588
0.8360497032640948, -2.7969924812030094
0.8362833827893174, -1.2057095864661687
0.8415411721068248, -4.658423402255643
0.8431535608308603, -6.45028195488722
0.8402559347181008, -7.933505639097746
0.8453968842729969, -8.999295112781958
0.8460979228486645, -5.624295112781958
0.8510051928783381, -10.53136748120301
0.8526876854599406, -6.965413533834589
0.855211424332344, -5.417058270676694
0.8555619436201779, -8.533012218045116
0.8538093471810088, -12.196663533834588
0.8538093471810088, -13.462288533834588
0.8606194362017803, -10.046052631578949
0.8602589020771512, -4.6384398496240635
0.8617544510385754, -6.40883458646617
0.8608197329376853, -7.755874060150379
0.868297477744807, -3.0486372180451156
0.867479599406528, -0.11031484962406424
0.8650259643916912, -1.5609727443609067
0.8692321958456971, 1.2034187030075145
0.8706342729970324, -4.558505639097747
0.8713353115727002, -5.713110902255643
0.8713353115727002, -6.690084586466167
0.8713353115727002, -7.667058270676694
0.8713353115727002, -8.644031954887222
0.8711016320474776, -9.724624060150376
0.8720363501483678, -10.77561090225564
0.8720363501483678, -11.752584586466167
0.8720363501483678, -12.729558270676694
0.8720363501483678, -14.061795112781958
0.8762425816023737, -0.028900375939853618
0.8755415430267061, -1.2723214285714324
0.8734384272997031, -2.4713345864661687
0.8755415430267061, 1.9805568609022508
0.8822014094955488, -2.648966165413537
0.8795140949554895, -4.425281954887222
0.8851224035608308, -4.884163533834588
0.8846550445103855, -1.2723214285714324
0.8843045252225518, 0.6594219924811995
0.8911980712166169, -3.463110902255641
0.890730712166172, -4.8249530075188005
0.8921327893175074, -6.038768796992482
0.8909643916913944, -7.045347744360903
0.890730712166172, -8.214755639097746
0.891665430267062, -9.26574248120301
0.891665430267062, -10.242716165413537
0.891665430267062, -11.21968984962406
0.891665430267062, -12.196663533834588
0.891665430267062, -13.595512218045116
0.8967129080118693, 0.8414943609022512
0.8963390207715133, -0.5025845864661704
0.8963390207715133, -1.479558270676696
0.8963390207715133, -2.441729323308273
0.8969933234421362, 3.2484022556390935
0.9005452522255192, 2.161889097744357
0.9019473293768544, -3.936795112781958
0.9014799703264093, 4.966987781954883
0.9070882789317506, 3.49412593984962
0.9066209198813054, 0.3026785714285669
0.9056862017804151, -1.0058740601503793
0.9056862017804151, -1.982847744360905
0.9056862017804151, -2.9598214285714324
0.9060367210682491, -5.513275375939852
0.9056862017804151, -6.734492481203009
0.9047514836795251, -7.667058270676694
0.9056862017804151, -8.466400375939852
0.906387240356083, -9.70982142857143
0.9056862017804151, -10.420347744360903
0.9056862017804151, -11.39732142857143
0.9056862017804151, -12.374295112781958
0.9056862017804151, -13.351268796992482
0.9056862017804151, -14.75011748120301
0.9070882789317506, -4.292058270676694
0.9137481454005932, 1.8140272556390933
0.9119955489614241, 4.434093045112777
0.9178375370919879, 3.582941729323304
0.9172533382789315, -0.21763392857143238
0.9178375370919879, -1.9236372180451173
0.917370178041543, -3.2558740601503793
0.918304896142433, 1.3921522556390933
0.918304896142433, -4.380874060150379
0.9239132047477744, 6.38804041353383
0.9197069732937683, 4.944783834586461
0.9218100890207713, 7.142974624060145
0.9313909495548961, 4.7434680451127775
0.9313909495548961, 3.864191729323303
0.930923590504451, 2.931625939849619
0.9302225519287831, 1.8584351503759358
0.9331268545994064, 0.47227443609022046
0.9334473293768543, -0.8578477443609049
0.9330267062314538, -1.8496240601503793
0.9337277448071214, -2.8710056390977474
0.9337277448071214, -3.833176691729328
0.9323256676557862, -4.625117481203011
0.9393360534124627, 2.931625939849619
0.9386350148367951, 1.7474154135338296
0.9386350148367951, 5.144619360902251
0.9424907270029671, 0.04881343984962072
0.9449443620178039, -1.597979323308273
0.9435422848664686, -3.107847744360905
0.9454117210682492, -4.528900375939852
0.9445938427299702, -6.146087875939852
0.9458790801186941, -7.25258458646617
0.9449443620178039, -8.466400375939852
0.9449443620178039, -9.843045112781958
0.9495011127596437, 2.9575305451127774
0.9495011127596437, 1.6474976503759358
0.9539176557863499, 0.26419172932330426
0.9528894658753707, -0.8874530075188005
0.9547589020771511, 5.866247650375935
0.9542915430267059, 4.530310150375935
0.9561609792284865, 2.9464285714285667
0.9603672106824924, -1.9883987312030111
0.9612084569732936, -0.26258458646616845
0.9645734421364983, -3.2410714285714306
0.9659755192878335, -4.158834586466169
0.9668167655786349, 2.058270676691725
0.967377596439169, 0.8888627819548827
0.9701817507418397, -0.6417293233082741
0.9694807121661718, -1.86072603383459
0.9722848664688425, 2.902020676691725
0.9729859050445101, 1.2589285714285676
0.9743879821958455, -2.515742481203011
0.9767247774480708, -4.025610902255643
0.9778931750741838, -5.091400375939852
0.9778931750741838, -5.979558270676694
0.9776594955489614, -6.986137218045116
0.9777529673590503, -7.809163533834589
0.9771921364985162, -8.814262218045116
0.9788746290801186, -9.91113721804512
0.9790615727002966, -11.042058270676694
0.9785942136498514, -11.885808270676694
0.9757900593471808, -12.551926691729324
0.9757900593471808, -13.528900375939852
0.9757900593471808, -14.505874060150376
0.9757900593471808, -15.482847744360903
0.9757900593471808, -16.45982142857143
0.9757900593471808, -17.436795112781954
0.9757900593471808, -18.413768796992482
0.9757900593471808, -19.39074248120301
0.9757900593471808, -20.32330827067669
0.9842025222551928, -1.420347744360905
0.9859551186943619, -2.9820253759398536
0.985604599406528, -3.8590812969924837
0.9909324925816022, -4.672697368421055
0.9926149851632046, -3.1374530075188005
0.9940170623145398, 0.2553101503759354
0.9940170623145398, -1.1835056390977474
0.9954191394658752, 2.724389097744357
0.9954191394658752, 1.7474154135338296
0.9968212166172105, 5.1312969924811975
0.9968212166172105, 4.145441729323304
0.9982232937685457, 6.410244360902251
